poop <- 1+1
